[gd_scene load_steps=6 format=3 uid="uid://oi35offcptm"]

[ext_resource type="PackedScene" uid="uid://c7lsslnvmq5xk" path="res://scenes/ui/main_menu_tvs.tscn" id="1_fyxy7"]
[ext_resource type="Script" path="res://scripts/ui/main_menu.gd" id="1_v5pxy"]

[sub_resource type="Environment" id="Environment_gnfit"]
volumetric_fog_enabled = true
volumetric_fog_length = 375.65

[sub_resource type="StandardMaterial3D" id="StandardMaterial3D_3eacp"]
albedo_color = Color(0, 0, 0, 1)

[sub_resource type="QuadMesh" id="QuadMesh_tu1mh"]
material = SubResource("StandardMaterial3D_3eacp")
size = Vector2(20, 20)

[node name="MainMenu" type="Node3D"]
script = ExtResource("1_v5pxy")

[node name="Camera3D" type="Camera3D" parent="."]
transform = Transform3D(-0.987013, -0.00944768, -0.160365, -0.0552047, 0.957421, 0.283369, 0.150859, 0.288542, -0.945508, -1.79995, 0.714552, -2.96962)

[node name="WorldEnvironment" type="WorldEnvironment" parent="."]
environment = SubResource("Environment_gnfit")

[node name="SpotLight3D" type="SpotLight3D" parent="WorldEnvironment"]
transform = Transform3D(1, 0, 0, 0, 0.784582, 0.620026, 0, -0.620026, 0.784582, -1.83297, 3.2987, 1.15613)
light_energy = 1.534
shadow_enabled = true
spot_range = 12.255
spot_angle_attenuation = 1.7411

[node name="SpotLight3D2" type="SpotLight3D" parent="WorldEnvironment"]
transform = Transform3D(0.623975, 0.544717, 0.560302, 0, -0.717008, 0.697065, 0.781444, -0.434951, -0.447395, 2.92097, 3.2987, -4.18381)
light_energy = 1.534
shadow_enabled = true
spot_range = 12.255
spot_angle = 24.49
spot_angle_attenuation = 1.7411

[node name="SpotLight3D3" type="SpotLight3D" parent="WorldEnvironment"]
transform = Transform3D(-0.891339, 0, 0.453337, 0, 1, 0, -0.453337, 0, -0.891339, -2.3277, 0.173375, -1.41303)
spot_range = 1.745
spot_angle = 92.11

[node name="OmniLight3D" type="OmniLight3D" parent="WorldEnvironment"]
transform = Transform3D(1, 0, 0, 0, 1, 0, 0, 0, 1, -0.175456, -0.0756298, -1.5554)
light_energy = 0.5
omni_range = 0.733283

[node name="OmniLight3D3" type="OmniLight3D" parent="WorldEnvironment"]
transform = Transform3D(1, 0, 0, 0, 1, 0, 0, 0, 1, -0.38583, -0.757095, -1.45505)
light_energy = 0.5
omni_range = 1.38454

[node name="OmniLight3D2" type="OmniLight3D" parent="WorldEnvironment"]
transform = Transform3D(1, 0, 0, 0, 1, 0, 0, 0, 1, -0.220777, 0.647681, -1.28392)
omni_range = 0.733283

[node name="MeshInstance3D" type="MeshInstance3D" parent="."]
transform = Transform3D(-1, 0, -8.74228e-08, 0, 1, 0, 8.74228e-08, 0, -1, 0, 0, 4.94115)
mesh = SubResource("QuadMesh_tu1mh")

[node name="MeshInstance3D2" type="MeshInstance3D" parent="."]
transform = Transform3D(-4.37114e-08, 0, 1, 0, 1, 0, -1, 0, -4.37114e-08, -6.23454, 0, -0.144189)
mesh = SubResource("QuadMesh_tu1mh")

[node name="MeshInstance3D3" type="MeshInstance3D" parent="."]
transform = Transform3D(-4.37114e-08, 0, -1, 0, 1, 0, 1, 0, -4.37114e-08, 5.81817, 0, -0.144189)
mesh = SubResource("QuadMesh_tu1mh")

[node name="MAIN MENU" parent="." instance=ExtResource("1_fyxy7")]
